data/dem.asc
ncols         402
nrows         455
xllcorner     278740
yllcorner     3085020
cellsize      60.0124378109453
[rows 105 to 125 of 455, columns 0 to 46 of 402]
550.788879394531 566.737487792969 592.015380859375 609.600036621094 635 635 636.814270019531 624.840026855469 616.527282714844 620.485717773438 620.485717773438 641.684204101563 664.463989257813 690.282348632813 704.850036621094 742.950012207031 748.552917480469 756.919982910156 762 762 757.237487792969 783.771423339844 812.800048828125 849.923034667969 868.679992675781 890.3369140625 900.545471191406 914.400024414063 952.5 957.94287109375 990.600036621094 1005.84002685547 1021.08001708984 1041.40002441406 1066.80004882813 1078.52307128906 1087.58190917969 1101.43640136719 1120.14001464844 1143 1143 1143 1143 1143 1143 1143 1143
560.83203125 580.339233398438 595.3125 624.840026855469 651.163635253906 673.099975585938 670.559997558594 658.090881347656 650.630798339844 650.630798339844 653.142883300781 652.462524414063 665.747375488281 682.752014160156 708.211730957031 735.105895996094 762 789.709106445313 800.100036621094 807.720031738281 809.625 825.5 846.666687011719 872.066650390625 885.092346191406 899.160034179688 914.400024414063 939.799987792969 979.714294433594 1002.32305908203 1018.30914306641 1036.32006835938 1051.56005859375 1066.80004882813 1081.08752441406 1097.28002929688 1113.6923828125 1129.1455078125 1143 1143 1143 1143 1143 1137.55712890625 1131.71105957031 1128.34619140625 1126.67138671875
566.508911132813 570.824157714844 581.710815429688 616.527282714844 658.090881347656 689.113098144531 701.0400390625 695.9599609375 685.799987792969 685.799987792969 685.799987792969 676.275024414063 681.037536621094 695.325012207031 723.900024414063 744.070617675781 758.536376953125 804.333374023438 831.272705078125 842.962524414063 852.054565429688 868.679992675781 880.533325195313 897.466674804688 925.285766601563 929.640014648438 960.119995117188 990.600036621094 1005.84002685547 1022.35003662109 1037.49230957031 1059.87268066406 1078.005859375 1091.45300292969 1104.90002441406 1109.66247558594 1127.76000976563 1143 1143 1143 1143 1139.82495117188 1131.71105957031 1126.06665039063 1121.22863769531 1114.77783203125 1110.76147460938
578.565795898438 586.397094726563 587.4423828125 600.303588867188 642.257141113281 685.799987792969 708.991271972656 723.900024414063 726.440002441406 720.96923828125 713.509155273438 711.200012207031 719.666687011719 733.424987792969 752.475036621094 769.619995117188 781.049987792969 805.542907714844 848.359985351563 862.012512207031 871.537536621094 893.6181640625 914.400024414063 936.17138671875 965.200012207031 990.600036621094 1004.45458984375 1018.30914306641 1036.32006835938 1051.56005859375 1060.45007324219 1075.26672363281 1087.96667480469 1100.66662597656 1113.36669921875 1126.06665039063 1138.23754882813 1143 1143 1143 1139.53637695313 1129.74780273438 1120.77502441406 1114.77783203125 1109.13330078125 1104.90002441406 1097.84448242188
593.598022460938 601.841430664063 606.285278320313 604.060607910156 620.485717773438 665.018188476563 703.94287109375 728.86962890625 746.760009765625 755.07275390625 749.299987792969 749.299987792969 750.276977539063 771.525024414063 787.399963378906 804.333374023438 815.340026855469 838.200012207031 857.25 878.839965820313 890.587524414063 900.112487792969 942.975036621094 971.549987792969 997.527282714844 1016 1032.16357421875 1046.01818847656 1059.87268066406 1066.80004882813 1066.80004882813 1066.80004882813 1066.80004882813 1066.80004882813 1066.80004882813 1124.95263671875 1137.55712890625 1135.74279785156 1131.57006835938 1126.06665039063 1124.85717773438 1118.75451660156 1109.86962890625 1101.72497558594 1097.84448242188 1092.19995117188 1088.57141113281
609.600036621094 632.460021972656 637.309143066406 637.309143066406 633.046142578125 656.492309570313 694.266662597656 719.666687011719 745.066650390625 773.723022460938 785.8125 785.446166992188 792.47998046875 800.100036621094 828.674987792969 838.200012207031 855.133361816406 863.599975585938 879.763610839844 895.350036621094 909.320007324219 933.450012207031 971.549987792969 997.527282714844 1021.08001708984 1039.09094238281 1054.09997558594 1066.80004882813 1066.80004882813 1066.80004882813 1066.80004882813 1066.80004882813 1066.80004882813 1066.80004882813 1112.92102050781 1121.22863769531 1120.87744140625 1119.55383300781 1113.97143554688 1108.7099609375 1100.66662597656 1103.08569335938 1097.97277832031 1089.99133300781 1082.67504882813 1080.9111328125 1075.26672363281
619.125 660.400024414063 678.179992675781 678.872741699219 661.987487792969 668.215393066406 690.880004882813 719.666687011719 745.066650390625 778.933349609375 808.892333984375 812.800048828125 820.615356445313 838.200012207031 852.054565429688 869.950012207031 883.919982910156 905.933349609375 914.400024414063 929.640014648438 960.119995117188 997.527282714844 1014.41253662109 1026.45886230469 1039.09094238281 1066.80004882813 1066.80004882813 1066.80004882813 1066.80004882813 1066.80004882813 1066.80004882813 1066.80004882813 1066.80004882813 1100.88952636719 1104.90002441406 1106.12902832031 1102.35998535156 1101.96923828125 1102.17858886719 1092.19995117188 1085.84997558594 1075.26672363281 1081.31433105469 1077.19091796875 1070.11303710938 1062.03747558594 1061.71997070313
632.460021972656 674.914245605469 697.22998046875 705.852661132813 708.211730957031 692.149963378906 704.850036621094 721.360046386719 745.066650390625 787.399963378906 829.733337402344 844.549987792969 845.127319335938 858.981872558594 876.299987792969 893.6181640625 908.050048828125 939.799987792969 968.82861328125 997.527282714844 1007.53338623047 1024.46667480469 1039.09094238281 1053.35290527344 1060.26867675781 1066.80004882813 1066.80004882813 1066.80004882813 1066.80004882813 1066.80004882813 1066.80004882813 1066.80004882813 1088.85791015625 1088.57141113281 1091.38073730469 1087.11999511719 1074.61547851563 1084.38464355469 1085.84997558594 1078.0888671875 1070.42858886719 1063.33642578125 1055.91430664063 1058.77905273438 1055.36999511719 1045.63342285156 1033.46252441406
609.600036621094 664.028625488281 704.850036621094 720.090026855469 729.915771484375 721.658813476563 730.25 742.950012207031 751.840026855469 792.47998046875 849.923034667969 867.507690429688 882.649963378906 886.69091796875 900.545471191406 914.400024414063 952.5 977.899963378906 1005.84002685547 1021.08001708984 1039.09094238281 1058.33337402344 1066.80004882813 1066.80004882813 1060.57958984375 1060.9384765625 1063.751953125 1066.80004882813 1066.80004882813 1066.80004882813 1066.80004882813 1076.82629394531 1072.24291992188 1076.63232421875 1071.88000488281 1058.77905273438 1062.78942871094 1066.80004882813 1069.52136230469 1062.56665039063 1052.28564453125 1049.48181152344 1042.55456542969 1034.14282226563 1034.7158203125 1032.51000976563 1020.23333740234
609.600036621094 655.320007324219 685.799987792969 727.710021972656 742.950012207031 748.552917480469 762 770.466674804688 790.575012207031 822.960021972656 858.981872558594 885.092346191406 902.676940917969 922.86669921875 936.17138671875 957.94287109375 990.600036621094 1011.3818359375 1032.16357421875 1051.56005859375 1066.80004882813 1066.80004882813 1066.80004882813 1061.71997070313 1056.64001464844 1049.21533203125 1051.9833984375 1045.46398925781 1066.80004882813 1066.80004882813 1062.78942871094 1055.91430664063 1051.56005859375 1051.56005859375 1051.56005859375 1044.38830566406 1041.40002441406 1041.40002441406 1042.98754882813 1041.40002441406 1037.16674804688 1035.62731933594 1028.70007324219 1021.77270507813 1012.37139892578 1010.65264892578 1009.65002441406
619.125 666.75 697.523071289063 720.96923828125 745.957885742188 769.619995117188 789.709106445313 807.720031738281 821.266662597656 846.666687011719 872.83642578125 900.545471191406 922.86669921875 948.266662597656 973.666625976563 995.680053710938 1010.92004394531 1026.16003417969 1041.40002441406 1056.64001464844 1066.80004882813 1060.9384765625 1055.91430664063 1051.03454589844 1046.47998046875 1041.40002441406 1039.28332519531 1048.40698242188 1054.60803222656 1041.40002441406 1037.49230957031 1028.70007324219 1023.25714111328 1021.08001708984 1026.16003417969 1021.08001708984 1017.494140625 1016 1014.41253662109 1013.01171875 1010.92004394531 1011.76666259766 1014.84545898438 1007.91815185547 1000.99090576172 990.600036621094 986.589477539063
631.371398925781 676.275024414063 711.200012207031 732.692321777344 756.138488769531 787.399963378906 815.340026855469 831.272705078125 855.133361816406 876.299987792969 897.466674804688 914.400024414063 948.266662597656 973.666625976563 990.600036621094 990.600036621094 990.600036621094 990.600036621094 1049.02001953125 1052.05163574219 1053.73718261719 1048.51196289063 1043.35388183594 1039.58569335938 1035.26904296875 1031.23999023438 1026.16003417969 1032.64147949219 1036.32006835938 1028.70007324219 1010.92004394531 1002.32305908203 990.600036621094 990.600036621094 990.600036621094 995.680053710938 990.600036621094 990.600036621094 984.250061035156 985.519958496094 982.578979492188 983.672729492188 990.600036621094 994.063598632813 987.286926269531 980.209106445313 969.818176269531
675.436828613281 693.419982910156 720.436401367188 749.299987792969 772.8857421875 816.428588867188 838.200012207031 858.981872558594 880.533325195313 905.933349609375 929.640014648438 939.799987792969 965.200012207031 990.600036621094 990.600036621094 990.600036621094 990.600036621094 1033.78002929688 1037.30322265625 1031.78918457031 1040.67431640625 1035.90808105469 1030.22399902344 1025.76916503906 1023.25714111328 1019.50347900391 1023.61999511719 1016.87585449219 1018.03198242188 1007.91815185547 990.600036621094 976.745483398438 960.119995117188 952.5 955.963623046875 952.5 939.799987792969 946.150024414063 955.039978027344 958.515808105469 965.200012207031 969.818176269531 968.82861328125 968.82861328125 968.188293457031 967.40869140625 959.427307128906
702.7333984375 723.900024414063 739.140014648438 762 805.542907714844 838.200012207031 857.25 879.763610839844 900.545471191406 923.924987792969 942.975036621094 962.025024414063 977.899963378906 990.600036621094 990.600036621094 990.600036621094 1018.5400390625 1022.55480957031 1019.43243408203 1013.92651367188 1027.61145019531 1023.55139160156 1017.37298583984 1011.93603515625 1008.18463134766 1006.92858886719 1003.73797607422 1001.1103515625 999.744018554688 986.971435546875 974.271423339844 955.430786132813 935.181823730469 914.400024414063 920.75 911.860046386719 907.472717285156 929.640014648438 934.45263671875 942.109130859375 949.036437988281 943.428588867188 947.05712890625 957.072021484375 947.05712890625 941.294128417969 947.530395507813
718.457153320313 753.533325195313 768.349975585938 790.575012207031 827.314270019531 855.518188476563 876.299987792969 885.825012207031 916.940002441406 932.179992675781 947.419982910156 959.427307128906 979.169982910156 990.600036621094 990.600036621094 1003.30004882813 1007.80645751953 1007.07568359375 1004.59594726563 1005.19146728516 1014.54864501953 1011.19464111328 1005.01623535156 996.950012207031 993.648010253906 990.600036621094 990.600036621094 985.837524414063 981.075012207031 971.549987792969 957.94287109375 941.6142578125 920.261535644531 906.235717773438 900.792907714844 896.620056152344 897.193542480469 911.224975585938 921.657165527344 928.254577636719 935.181823730469 927.652160644531 925.285766601563 938.783996582031 931.984680175781 925.285766601563 914.400024414063
742.950012207031 779.318176269531 783.166625976563 806.450012207031 841.247985839844 859.536010742188 877.824035644531 896.257141113281 914.400024414063 926.431579589844 938.645446777344 956.309997558594 971.549987792969 980.209106445313 987.286926269531 993.058044433594 994.718933105469 995.265319824219 995.4638671875 997.22607421875 1001.48571777344 998.837890625 994.833374023438 986.11767578125 970.54736328125 971.549987792969 963.705871582031 957.94287109375 957.262512207031 952.5 942.975036621094 925.285766601563 910.166687011719 897.834777832031 884.464294433594 881.380065917969 892.174987792969 899.885681152344 906.378967285156 914.400024414063 914.400024414063 910.166687011719 904.009155273438 920.496032714844 922.564270019531 914.400024414063 902.970031738281
765.175048828125 784.225036621094 784.859985351563 810.985717773438 840.827575683594 856.593078613281 874.485717773438 891.5400390625 910.389465332031 917.863586425781 933.450012207031 948.690002441406 959.427307128906 967.40869140625 974.034790039063 978.408020019531 978.408020019531 981.455993652344 980.660888671875 984.250061035156 986.589477539063 981.63525390625 974.271423339844 958.849975585938 959.223571777344 947.05712890625 948.690002441406 936.811767578125 925.285766601563 928.6875 923.924987792969 914.400024414063 894.079956054688 884.766723632813 877.95654296875 873.125 878.114318847656 882.315795898438 889.000061035156 890.3369140625 889.000061035156 890.3369140625 891.98828125 909.320007324219 908.538513183594 902.368469238281 886.326354980469
731.52001953125 762 778.32861328125 812.800048828125 833.966674804688 852.714294433594 868.679992675781 886.326354980469 898.525024414063 911.351989746094 925.830017089844 938.645446777344 947.530395507813 954.156555175781 960.119995117188 966.107116699219 954.881286621094 960.119995117188 963.168029785156 960.782592773438 966.354553222656 962.5263671875 954.7412109375 941.6142578125 920.75 932.329406738281 932.542907714844 925.830017089844 910.389465332031 897.466674804688 898.071411132813 889.000061035156 876.299987792969 863.599975585938 859.366638183594 856.342895507813 858.252685546875 863.599975585938 866.273681640625 864.869995117188 863.599975585938 865.094116210938 878.839965820313 874.058837890625 873.369201660156 887.505859375 878.305236816406
711.200012207031 748.145446777344 782.320007324219 809.625 828.674987792969 845.820007324219 862.263122558594 879.475036621094 893.064025878906 904.875 917.863586425781 927.652160644531 934.278259277344 941.83203125 949.778625488281 955.963623046875 960.966674804688 940.59375 941.83203125 947.928039550781 945.57275390625 939.799987792969 938.463134765625 927.847106933594 911.351989746094 900.288879394531 910.590026855469 910.166687011719 900.952941894531 886.326354980469 872.066650390625 865.414245605469 850.900024414063 838.200012207031 835.478637695313 835.572448730469 838.200012207031 842.210571289063 842.010009765625 842.010009765625 838.200012207031 848.359985351563 858.252685546875 847.164733886719 838.200012207031 845.820007324219 860.611755371094
708.660034179688 754.380004882813 781.049987792969 800.100036621094 820.270629882813 838.200012207031 860.425048828125 874.776000976563 885.825012207031 897.081848144531 907.773986816406 914.400024414063 923.544006347656 933.450012207031 942.109130859375 948.266662597656 955.287780761719 943.535278320313 936.17138671875 929.640014648438 924.790893554688 918.028564453125 927.100036621094 914.400024414063 904.460876464844 893.064025878906 883.355590820313 887.72998046875 884.766723632813 874.058837890625 862.263122558594 846.666687011719 834.736389160156 824.947814941406 819.150024414063 819.806945800781 820.615356445313 823.912536621094 822.960021972656 821.634765625 820.05712890625 815.340026855469 834.189453125 829.235290527344 814.136901855469 822.960021972656 832.757141113281
708.660034179688 748.145446777344 771.525024414063 793.37646484375 811.305847167969 841.375061035156 856.488037109375 866.775024414063 876.299987792969 887.895629882813 898.634521484375 906.235717773438 917.121398925781 928.254577636719 935.566650390625 944.136596679688 949.186950683594 930.088256835938 919.842895507813 910.936401367188 903.514282226563 905.435302734375 900.112487792969 904.240051269531 892.628601074219 884.582580566406 874.776000976563 866.422241210938 864.869995117188 859.366638183594 847.164733886719 838.200012207031 822.960021972656 813.95458984375 805.069580078125 804.041442871094 803.030822753906 807.155578613281 804.333374023438 806.450012207031 801.756530761719 798.285705566406 810.126342773438 805.542907714844 802.341186523438 800.100036621094 800.100036621094
