data/dem.asc
ncols         402
nrows         455
xllcorner     278740
yllcorner     3085020
cellsize      60.0124378109453
[rows 189 to 209 of 455, columns 235 to 281 of 402]
757.237487792969 749.299987792969 741.218200683594 735.495666503906 744.681823730469 749.299987792969 749.299987792969 751.1142578125 756.138488769531 758.190002441406 758.536376953125 759.883361816406 770.021057128906 788.376953125 805.961547851563 823.546142578125 845.127319335938 880.533325195313 919.316162109375 931.817138671875 914.400024414063 914.400024414063 924.426330566406 931.333374023438 924.910339355469 923.192321777344 924.559997558594 928.076965332031 917.330810546875 872.066650390625 833.717651367188 824.163146972656 808.703247070313 832.94482421875 861.059997558594 893.6181640625 921.327270507813 929.640014648438 948.266662597656 939.799987792969 934.720031738281 929.640014648438 908.050048828125 914.400024414063 904.875 883.919982910156 838.200012207031
762 767.575622558594 762 755.373962402344 758.825012207031 765.628601074219 772.390869140625 770.792358398438 774.192016601563 775.252197265625 774.700012207031 772.159973144531 782.320007324219 794.084228515625 806.669006347656 816.707641601563 836.053527832031 866.775024414063 904.875 934.064514160156 944.880004882813 927.652160644531 934.278259277344 944.033325195313 940.675842285156 940.776977539063 939.799987792969 934.915344238281 918.633361816406 876.299987792969 836.194763183594 805.295471191406 823.451599121094 846.666687011719 880.533325195313 906.780029296875 939.799987792969 962.890869140625 960.119995117188 965.200012207031 960.119995117188 943.707702636719 939.799987792969 936.811767578125 932.329406738281 914.400024414063 863.599975585938
770.766357421875 774.812377929688 778.726806640625 773.90625 771.143981933594 779.318176269531 787.399963378906 793.172729492188 792.47998046875 795.130432128906 793.750061035156 792.47998046875 802.640014648438 812.800048828125 818.147338867188 822.434509277344 828.430786132813 847.725036621094 889.000061035156 924.339111328125 948.812927246094 957.94287109375 947.530395507813 954.156555175781 956.44140625 958.361511230469 952.5 944.033325195313 924.559997558594 880.533325195313 833.650756835938 815.686401367188 838.200012207031 863.599975585938 897.466674804688 933.450012207031 962.025024414063 990.600036621094 996.461547851563 990.600036621094 978.876953125 970.279968261719 963.705871582031 959.223571777344 949.569213867188 929.640014648438 903.514282226563
762 766.822814941406 772.610107421875 789.878051757813 788.193786621094 789.432006835938 800.100036621094 809.171447753906 813.95458984375 815.008728027344 812.800048828125 804.333374023438 810.768005371094 833.119995117188 840.441223144531 840.92138671875 838.200012207031 852.487487792969 881.0625 909.637512207031 944.217407226563 963.561279296875 971.005737304688 967.40869140625 974.034790039063 975.946166992188 969.433349609375 955.039978027344 927.100036621094 880.533325195313 838.200012207031 826.077270507813 846.666687011719 883.919982910156 914.400024414063 952.5 990.600036621094 1002.03002929688 1014.04614257813 1010.47827148438 1001.48571777344 990.600036621094 986.11767578125 984.738464355469 975.359985351563 952.5 937.260009765625
732.692321777344 744.415344238281 756.138488769531 766.233337402344 778.933349609375 802.481262207031 807.720031738281 820.8818359375 830.94287109375 834.736389160156 831.850036621094 821.266662597656 807.30810546875 829.056030273438 848.226318359375 853.888305664063 868.679992675781 859.971435546875 867.833312988281 887.895629882813 930.728637695313 964.095642089844 953.9111328125 970.844482421875 987.286926269531 992.659484863281 985.519958496094 965.200012207031 931.333374023438 889.000061035156 846.666687011719 836.468200683594 855.133361816406 897.466674804688 939.799987792969 979.714294433594 1001.48571777344 1017.494140625 1024.89001464844 1030.35656738281 1016 1016 1013.01171875 1007.53338623047 996.042907714844 982.980041503906 967.739990234375
709.246154785156 720.96923828125 734.785766601563 748.6650390625 760.095031738281 779.318176269531 800.100036621094 820.8818359375 841.513061523438 847.164733886719 850.900024414063 838.200012207031 820.782897949219 819.664855957031 843.844482421875 850.392028808594 860.425048828125 873.57861328125 881.742858886719 893.2333984375 907.773986816406 941.6142578125 974.271423339844 992.777160644531 1001.18334960938 1005.01623535156 999.564758300781 982.13330078125 942.975036621094 897.466674804688 876.299987792969 865.414245605469 876.299987792969 905.933349609375 965.200012207031 1001.48571777344 1019.90771484375 1034.14282226563 1044.38830566406 1041.40002441406 1046.47998046875 1039.90588378906 1037.16674804688 1028.70007324219 1016 1008.18463134766 996.950012207031
685.799987792969 702.128601074219 716.844421386719 733.77783203125 750.711120605469 770.964721679688 797.858825683594 816.428588867188 848.359985351563 861.391296386719 869.950012207031 861.059997558594 846.221008300781 833.845764160156 832.021606445313 841.375061035156 856.593078613281 872.358581542969 889.907165527344 903.514282226563 923.924987792969 957.94287109375 993.775024414063 999.564758300781 1005.84002685547 1009.65002441406 1013.01171875 997.974243164063 965.200012207031 933.450012207031 914.400024414063 898.071411132813 908.304016113281 933.450012207031 990.600036621094 1012.37139892578 1034.14282226563 1055.07702636719 1066.80004882813 1073.72729492188 1066.80004882813 1058.33337402344 1061.35717773438 1046.47998046875 1043.35388183594 1035.05004882813 1013.46002197266
681.420654296875 688.730834960938 706.315368652344 723.900024414063 741.484619140625 759.069213867188 791.307678222656 822.960021972656 855.78466796875 878.839965820313 881.269592285156 883.919982910156 867.507690429688 855.78466796875 852.054565429688 857.25 877.711120605469 893.2333984375 894.229431152344 906.235717773438 939.799987792969 981.075012207031 1001.48571777344 1012.82501220703 1013.01171875 1018.90289306641 1026.45886230469 1012.72259521484 990.600036621094 971.549987792969 948.266662597656 937.260009765625 960.119995117188 990.600036621094 1008.18463134766 1023.25714111328 1045.02856445313 1066.80004882813 1100.66662597656 1112.52001953125 1104.90002441406 1100.66662597656 1088.57141113281 1085.84997558594 1076.32507324219 1059.18005371094 1032.16357421875
692.943786621094 692.888366699219 699.836853027344 742.335510253906 749.709716796875 757.083862304688 777.239990234375 812.800048828125 851.647094726563 890.953857421875 909.320007324219 902.676940917969 890.953857421875 879.230834960938 866.273681640625 893.6181640625 895.350036621094 894.644470214844 896.352661132813 907.676452636719 942.975036621094 990.600036621094 1011.76666259766 1023.25714111328 1031.875 1026.45886230469 1039.90588378906 1016 1009.65002441406 995.362487792969 983.672729492188 982.980041503906 998.220031738281 1018.30914306641 1028.70007324219 1043.35388183594 1055.91430664063 1097.28002929688 1132.1142578125 1149.34997558594 1153.16003417969 1149.92724609375 1143 1133.47497558594 1114.42504882813 1076.32507324219 1059.18005371094
707.231262207031 699.2470703125 703.52099609375 711.868469238281 746.937194824219 757.428039550781 762 800.100036621094 845.127319335938 886.69091796875 919.018249511719 926.306274414063 914.400024414063 902.970031738281 890.3369140625 914.400024414063 923.544006347656 921.657165527344 911.577758789063 908.384216308594 942.975036621094 994.833374023438 1016 1037.16674804688 1045.02856445313 1050.92504882813 1041.40002441406 1038.22497558594 1023.9375 1014.41253662109 1017.81427001953 1019.90771484375 1028.70007324219 1043.94006347656 1059.87268066406 1066.80004882813 1097.28002929688 1143 1162.05004882813 1174.75 1187.44995117188 1191.49084472656 1185.33337402344 1165.85998535156 1133.47497558594 1109.13330078125 1080.65454101563
721.518737792969 708.497863769531 708.211730957031 714.153503417969 723.900024414063 752.253479003906 760.548583984375 790.575012207031 829.733337402344 870.857116699219 904.875 932.872680664063 940.59375 934.915344238281 914.400024414063 922.421020507813 935.181823730469 941.83203125 943.428588867188 914.400024414063 939.799987792969 990.600036621094 1020.23333740234 1041.40002441406 1062.56665039063 1066.80004882813 1066.80004882813 1052.51257324219 1042.98754882813 1042.98754882813 1050.47143554688 1042.98754882813 1055.07702636719 1077.68579101563 1099.45715332031 1121.22863769531 1143 1165.85998535156 1184.56359863281 1200.15002441406 1212.85009765625 1224.1162109375 1211.57995605469 1190.625 1158.23999023438 1122.21813964844 1087.58190917969
732.503234863281 733.424987792969 718.2255859375 717.176452636719 724.786071777344 735.931579589844 757.569763183594 778.933349609375 815.340026855469 847.725036621094 889.000061035156 917.222229003906 946.727294921875 954.881286621094 952.5 936.811767578125 946.484252929688 955.963623046875 954.314331054688 942.975036621094 952.5 982.980041503906 1014.41253662109 1039.90588378906 1066.80004882813 1089.21179199219 1093.69409179688 1077.68579101563 1073.15002441406 1080.65454101563 1080.65454101563 1073.72729492188 1085.84997558594 1110.34289550781 1143 1156.85461425781 1170.70910644531 1188.71997070313 1211.57995605469 1230.08569335938 1238.86450195313 1233.31115722656 1227.08276367188 1203.9599609375 1168.40002441406 1129.1455078125 1094.50915527344
750.09375 747.251586914063 747.712524414063 727.953186035156 726.141235351563 735.418640136719 747.963134765625 769.619995117188 803.563598632813 838.200012207031 872.066650390625 905.933349609375 934.155517578125 960.581848144531 969.168762207031 970.084655761719 963.705871582031 970.54736328125 976.085693359375 971.549987792969 986.971435546875 990.600036621094 1016 1042.98754882813 1073.72729492188 1101.96923828125 1116.10583496094 1110.34289550781 1111.25 1112.52001953125 1115.29089355469 1115.29089355469 1122.21813964844 1143 1163.78186035156 1181.09997558594 1198.41821289063 1212.27270507813 1246.41430664063 1253.61291503906 1250.24450683594 1242.84826660156 1229.0322265625 1200.15002441406 1172.30773925781 1136.07275390625 1094.50915527344
765.809997558594 759.618774414063 762 765.809997558594 737.680908203125 735.105895996094 746.051147460938 762 792.47998046875 824.345458984375 855.133361816406 889.000061035156 919.480041503906 951.088928222656 949.960021972656 965.200012207031 979.714294433594 990.600036621094 995.362487792969 1001.48571777344 1003.30004882813 1017.81427001953 1025.76916503906 1046.47998046875 1076.32507324219 1115.29089355469 1137.13854980469 1143 1149.92724609375 1160.58459472656 1154.72302246094 1155.70007324219 1158.23999023438 1168.40002441406 1188.71997070313 1205.34545898438 1219.20007324219 1244.59997558594 1268.361328125 1267.177734375 1258.61389160156 1243.78063964844 1226.57421875 1201.61535644531 1172.30773925781 1136.07275390625 1098.55004882813
784.411743164063 781.049987792969 788.669982910156 778.933349609375 766.482360839844 747.408508300781 744.070617675781 756.683715820313 782.781860351563 812.800048828125 838.200012207031 872.066650390625 908.538513183594 934.45263671875 958.515808105469 974.271423339844 996.820434570313 1006.15106201172 1014.66314697266 1023.9375 1034.14282226563 1041.40002441406 1050.47143554688 1060.9384765625 1085.84997558594 1133.47497558594 1156.85461425781 1174.75 1184.56359863281 1191.49084472656 1193.80004882813 1189.89233398438 1193.80004882813 1203.9599609375 1219.20007324219 1240.97143554688 1253.06677246094 1264.92004394531 1284.11108398438 1274.37939453125 1258.52905273438 1241.32263183594 1225.92358398438 1200.15002441406 1166.44616699219 1136.65002441406 1096.10766601563
811.530029296875 803.910034179688 804.333374023438 793.37646484375 776.287536621094 762 757.136169433594 753.035278320313 774.700012207031 800.100036621094 821.266662597656 849.085754394531 892.628601074219 923.924987792969 941.6142578125 982.13330078125 1000.125 1014.41253662109 1028.70007324219 1038.72631835938 1052.51257324219 1066.80004882813 1088.13598632813 1084.38464355469 1104.90002441406 1143 1181.09997558594 1198.41821289063 1212.85009765625 1227.66674804688 1228.72497558594 1230.08569335938 1219.20007324219 1249.68005371094 1270 1295.40002441406 1296.59069824219 1301.49597167969 1287.37890625 1271.95397949219 1254.36926269531 1236.78466796875 1219.20007324219 1193.80004882813 1162.05004882813 1131.27697753906 1101.96923828125
834.390014648438 829.733337402344 820.270629882813 804.862487792969 789.214294433594 782.320007324219 776.287536621094 766.762512207031 762 784.859985351563 807.720031738281 830.580017089844 863.599975585938 903.514282226563 931.333374023438 962.025024414063 993.530822753906 1011.11535644531 1028.70007324219 1046.28466796875 1057.27502441406 1080.9111328125 1097.84448242188 1114.77783203125 1119.55383300781 1150.61999511719 1193.80004882813 1226.12731933594 1242.06005859375 1261.53332519531 1278.46667480469 1284.51428222656 1295.40002441406 1304.36462402344 1300.74743652344 1303.02001953125 1319.78405761719 1295.40002441406 1282.70007324219 1263.31579589844 1249.68005371094 1231.39196777344 1212.27270507813 1181.09997558594 1155.70007324219 1122.21813964844 1096.10766601563
852.714294433594 845.457153320313 833.4375 821.871398925781 812.800048828125 804.862487792969 795.337524414063 782.320007324219 771.143981933594 775.062866210938 792.078979492188 812.074279785156 838.200012207031 876.299987792969 904.875 942.975036621094 981.075012207031 1006.47497558594 1025.52502441406 1028.70007324219 1062.56665039063 1080.40710449219 1096.73571777344 1098.88427734375 1121.22863769531 1150.61999511719 1190.625 1236.78466796875 1267.69091796875 1287.78002929688 1304.92504882813 1317.17150878906 1295.40002441406 1331.2587890625 1308.7685546875 1338.07202148438 1310.87817382813 1295.40002441406 1281.95300292969 1257.30004882813 1239.25268554688 1222.51306152344 1198.41821289063 1170.70910644531 1143 1119.55383300781 1080.65454101563
867.228576660156 857.25 849.630004882813 842.010009765625 833.4375 823.912536621094 812.800048828125 804.671997070313 789.432006835938 798.786254882813 788.125732421875 804.110534667969 825.137145996094 847.725036621094 889.000061035156 923.924987792969 962.025024414063 985.157165527344 1000.125 1025.23645019531 1043.94006347656 1059.18005371094 1074.82104492188 1088.57141113281 1108.36364746094 1135.38000488281 1173.47998046875 1238.25 1276.34997558594 1295.40002441406 1295.40002441406 1333.5 1349.82849121094 1358.15295410156 1356.35998535156 1318.26000976563 1318.02185058594 1295.40002441406 1277.47058105469 1255.05883789063 1231.90002441406 1210.23522949219 1183.34118652344 1156.85461425781 1129.55297851563 1102.65881347656 1084.38464355469
880.109985351563 872.489990234375 864.869995117188 856.342895507813 849.085754394531 842.010009765625 834.736389160156 822.960021972656 807.720031738281 814.387512207031 814.5517578125 801.188598632813 816.14208984375 838.200012207031 872.066650390625 905.933349609375 939.799987792969 962.890869140625 983.672729492188 998.220031738281 1013.46002197266 1032.93334960938 1049.86669921875 1066.80004882813 1089.66003417969 1109.13330078125 1143 1219.20007324219 1257.30004882813 1302.02612304688 1321.90441894531 1341.78259277344 1362.07507324219 1371.59997558594 1360.17004394531 1337.31005859375 1314.45007324219 1291.771484375 1270 1250.57653808594 1228.16479492188 1203.9599609375 1183.10522460938 1153.16003417969 1134.97900390625 1107.83081054688 1085.84997558594
895.350036621094 887.72998046875 878.114318847656 870.857116699219 864.869995117188 857.25 850.231567382813 842.010009765625 826.007995605469 830.093627929688 828.674987792969 830.317260742188 814.251403808594 828.173706054688 855.133361816406 889.000061035156 921.327270507813 942.109130859375 958.849975585938 971.549987792969 984.250061035156 999.066711425781 1009.65002441406 1034.14282226563 1055.91430664063 1085.84997558594 1121.22863769531 1168.40002441406 1231.90002441406 1286.93334960938 1311.44201660156 1295.40002441406 1355.271484375 1369.4228515625 1363.97998046875 1333.5 1332.30944824219 1285.00915527344 1264.22717285156 1253.06677246094 1224.64282226563 1207.16845703125 1183.64001464844 1164.77136230469 1143 1123.95007324219 1101.43640136719
