data/dem.asc
ncols         402
nrows         455
xllcorner     278740
yllcorner     3085020
cellsize      60.0124378109453
[rows 420 to 440 of 455, columns 282 to 328 of 402]
798.319641113281 808.966064453125 797.103332519531 790.302856445313 763.731872558594 752.167724609375 741.679992675781 734.059997558594 725.213806152344 714.022216796875 692.727294921875 675.640014648438 664.779296875 645.160034179688 629.920043945313 614.679992675781 609.600036621094 609.600036621094 601.531799316406 600.187072753906 584.895935058594 609.600036621094 616.22607421875 635 656.492309570313 674.076965332031 691.661560058594 703.384643554688 725.311096191406 735.495666503906 749.968444824219 775.447082519531 794.657165527344 824.345458984375 847.725036621094 862.780700683594 869.731018066406 876.299987792969 880.872009277344 883.919982910156 885.825012207031 880.109985351563 890.3369140625 902.676940917969 918.88232421875 928.6875 942.975036621094
802.592529296875 802.240478515625 796.834289550781 774.122741699219 762 750.570007324219 737.419311523438 726.440002441406 718.820007324219 709.448303222656 697.088928222656 680.544799804688 664.368774414063 653.472778320313 639.6181640625 619.432250976563 612.321411132813 609.600036621094 604.22119140625 602.87646484375 586.983581542969 609.600036621094 609.600036621094 621.323059082031 638.90771484375 662.353820800781 685.799987792969 701.0400390625 719.328002929688 723.900024414063 753.97900390625 778.933349609375 804.333374023438 827.314270019531 848.032287597656 853.965515136719 859.971435546875 862.583984375 865.632019042969 866.775024414063 868.017456054688 866.273681640625 867.507690429688 882.649963378906 896.815368652344 914.400024414063 931.333374023438
807.377563476563 803.36572265625 784.513610839844 774.356750488281 768.178405761719 755.821655273438 743.464904785156 722.670959472656 711.200012207031 703.579956054688 693.682739257813 678.65625 667.327331542969 653.472778320313 634.1806640625 628.650024414063 612.775024414063 609.600036621094 606.910583496094 605.565856933594 589.071228027344 609.600036621094 609.600036621094 609.600036621094 627.184631347656 647.700012207031 671.945434570313 693.057189941406 714.828552246094 729.915771484375 753.533325195313 778.042114257813 800.100036621094 827.314270019531 838.200012207031 843.642883300781 844.296020507813 847.343994140625 847.725036621094 848.139099121094 842.210571289063 835.377807617188 844.549987792969 861.646179199219 879.230834960938 902.676940917969 924.426330566406
809.897155761719 794.904541015625 786.713500976563 780.53515625 762 753.291381835938 740.228637695313 727.165771484375 707.922546386719 695.9599609375 688.339965820313 666.261535644531 653.472778320313 648.929016113281 644.978637695313 631.825012207031 622.852172851563 615.695983886719 609.600036621094 608.255310058594 591.158874511719 609.600036621094 609.600036621094 609.600036621094 609.600036621094 630.3818359375 660.400024414063 685.799987792969 705.852661132813 728.133361816406 752.475036621094 771.525024414063 794.657165527344 809.625 820.270629882813 822.960021972656 827.809143066406 828.260925292969 831.272705078125 824.592895507813 825.062072753906 818.444519042969 824.592895507813 844.0615234375 867.507690429688 886.69091796875 909.320007324219
805.295471191406 799.070251464844 792.891906738281 762 762 750.09375 735.806274414063 721.518737792969 707.231262207031 693.174194335938 677.984619140625 667.327331542969 663.677429199219 661.30712890625 650.875061035156 642.730407714844 633.984008789063 625.928588867188 618.836364746094 609.600036621094 593.24658203125 609.600036621094 609.600036621094 609.600036621094 609.600036621094 622.299987792969 650.630798339844 679.9384765625 702.7333984375 723.900024414063 742.950012207031 762 781.049987792969 793.37646484375 800.100036621094 807.027282714844 808.382568359375 812.800048828125 808.892333984375 810.490905761719 809.296569824219 801.511108398438 824.0888671875 834.189453125 845.127319335938 863.599975585938 880.533325195313
811.427001953125 805.248657226563 769.257141113281 756.55712890625 745.67138671875 734.785766601563 723.900024414063 713.014282226563 713.873657226563 691.661560058594 681.181823730469 678.42578125 677.6357421875 669.925048828125 662.608703613281 652.272033691406 642.257141113281 632.69091796875 622.662902832031 609.600036621094 595.334289550781 609.600036621094 609.600036621094 609.600036621094 609.600036621094 615.461547851563 644.769226074219 674.076965332031 695.325012207031 714.375 731.52001953125 751.840026855469 766.482360839844 777.239990234375 786.245422363281 788.50439453125 793.750061035156 795.866638183594 794.657165527344 791.307678222656 789.709106445313 784.577758789063 810.126342773438 810.985717773438 822.960021972656 833.4375 855.133361816406
817.605407714844 791.028564453125 774.031555175781 758.613342285156 747.408508300781 742.950012207031 735.418640136719 725.9052734375 709.246154785156 697.523071289063 694.592346191406 694.592346191406 688.730834960938 682.486938476563 670.559997558594 658.585754394531 646.545471191406 635.725769042969 622.299987792969 609.600036621094 597.421936035156 609.600036621094 609.600036621094 609.600036621094 609.600036621094 609.600036621094 638.90771484375 664.028625488281 681.789489746094 701.0400390625 721.360046386719 739.588256835938 753.97900390625 765.463623046875 768.626037597656 774.700012207031 778.32861328125 778.933349609375 785.648254394531 783.771423339844 773.723022460938 786.063110351563 778.32861328125 792.47998046875 804.862487792969 819.150024414063 824.7529296875
812.800048828125 798.094787597656 779.929382324219 757.136169433594 753.340881347656 746.051147460938 737.936889648438 726.830810546875 715.107666015625 712.176940917969 712.176940917969 706.315368652344 699.9111328125 688.730834960938 674.914245605469 660.400024414063 647.700012207031 634.2529296875 620.805908203125 609.600036621094 599.509582519531 609.600036621094 609.600036621094 609.600036621094 609.600036621094 609.600036621094 631.371398925781 645.8857421875 667.657104492188 690.880004882813 712.694152832031 729.915771484375 742.950012207031 748.145446777344 751.1142578125 757.766662597656 762 762 767.44287109375 773.288940429688 762 753.533325195313 762 776.287536621094 790.575012207031 797.858825683594 802.341186523438
822.157897949219 806.823547363281 779.584655761719 767.44287109375 756.683715820313 749.968444824219 744.415344238281 732.692321777344 729.761535644531 729.761535644531 723.900024414063 716.844421386719 706.315368652344 691.661560058594 676.275024414063 661.987487792969 647.700012207031 633.412536621094 619.125 609.600036621094 601.597229003906 609.600036621094 609.600036621094 609.600036621094 609.600036621094 609.600036621094 620.485717773438 642.257141113281 664.028625488281 685.799987792969 705.852661132813 720.090026855469 727.363586425781 732.971435546875 729.342895507813 732.36669921875 733.424987792969 741.679992675781 750.276977539063 745.066650390625 736.600036621094 745.066650390625 752.856018066406 762 770.964721679688 775.447082519531 779.929382324219
833.717651367188 814.753845214844 800.100036621094 779.584655761719 762 762 750.276977539063 747.34619140625 747.34619140625 741.484619140625 733.77783203125 723.900024414063 709.246154785156 688.848022460938 673.099975585938 657.859985351563 642.619995117188 627.380004882813 612.227600097656 609.600036621094 603.684936523438 609.600036621094 609.600036621094 609.600036621094 609.600036621094 630.93603515625 643.466674804688 654.755554199219 668.866638183594 682.977783203125 697.22998046875 706.581848144531 711.200012207031 714.828552246094 711.200012207031 708.211730957031 711.200012207031 715.107666015625 719.666687011719 736.600036621094 728.133361816406 734.567993164063 742.121765136719 747.485717773438 752.856018066406 756.744812011719 767.44287109375
855.518188476563 832.757141113281 814.753845214844 797.169189453125 790.575012207031 772.8857421875 767.080017089844 766.010559082031 759.069213867188 750.711120605469 741.484619140625 726.830810546875 707.135986328125 688.975036621094 671.146179199219 653.5615234375 635.976989746094 618.392333984375 609.600036621094 609.600036621094 605.772644042969 609.600036621094 609.600036621094 609.600036621094 612.648010253906 626.533386230469 637.822204589844 651.933349609375 666.044494628906 677.007690429688 685.799987792969 689.428588867188 693.057189941406 685.799987792969 685.799987792969 684.679382324219 685.799987792969 694.266662597656 716.280029296875 717.550048828125 716.280029296875 722.243469238281 725.714294433594 734.567993164063 740.979309082031 748.392883300781 758.686950683594
867.103454589844 851.337951660156 832.338500976563 819.150024414063 805.542907714844 797.56005859375 790.073669433594 780.142883300781 768.626037597656 758.952026367188 740.664001464844 722.376037597656 708.025024414063 685.799987792969 668.215393066406 650.630798339844 633.046142578125 613.410034179688 609.600036621094 609.600036621094 607.860290527344 609.600036621094 609.600036621094 609.600036621094 609.600036621094 620.888854980469 635 649.111145019531 659.423034667969 668.215393066406 675.773681640625 678.872741699219 678.329406738281 678.050842285156 677.955871582031 673.099975585938 678.961608886719 685.799987792969 697.992004394531 698.500061035156 702.365234375 703.94287109375 716.280029296875 725.213806152344 732.064270019531 738.808715820313 756.138488769531
838.200012207031 844.502258300781 838.200012207031 838.200012207031 828.0400390625 814.136901855469 801.914306640625 788.50439453125 777.875 762 743.712036132813 727.075012207031 705.67822265625 688.848022460938 674.594116210938 659.524169921875 636.27001953125 626.918151855469 621.7919921875 615.461547851563 612.227600097656 609.600036621094 609.600036621094 609.600036621094 609.600036621094 618.066711425781 632.177734375 641.838500976563 650.630798339844 663.742126464844 668.481872558594 669.364685058594 670.301696777344 671.232360839844 655.637512207031 660.400024414063 665.162536621094 669.925048828125 674.687561035156 679.450012207031 684.212524414063 697.992004394531 709.448303222656 715.735717773438 718.930419921875 738.553833007813 769.619995117188
893.379333496094 847.939819335938 838.200012207031 852.616271972656 840.658081054688 823.685668945313 808.382568359375 796.924987792969 781.878234863281 762 746.125061035156 725.556518554688 706.581848144531 689.609985351563 675.289672851563 659.130004882813 647.700012207031 640.080017089844 633.046142578125 627.993103027344 617.764282226563 609.600036621094 609.600036621094 609.600036621094 609.600036621094 615.244445800781 624.253845214844 633.046142578125 651.710571289063 658.090881347656 660.400024414063 662.552551269531 664.5087890625 649.705261230469 654.517883300781 659.33056640625 664.143127441406 668.955810546875 673.768432617188 678.5810546875 683.393676757813 693.682739257813 699.407165527344 699.052185058594 720.96923828125 749.299987792969 777.239990234375
838.200012207031 885.496520996094 838.200012207031 864.973022460938 855.406494140625 828.260925292969 815.974975585938 801.756530761719 784.859985351563 766.233337402344 745.434753417969 727.363586425781 712.470031738281 694.266662597656 681.989990234375 668.481872558594 658.367980957031 650.630798339844 643.758605957031 634.092895507813 623.207153320313 617.220031738281 609.600036621094 609.600036621094 609.600036621094 609.600036621094 615.461547851563 639.679016113281 647.700012207031 651.435302734375 655.026977539063 648.268676757813 639.023803710938 643.550537109375 648.077209472656 652.603942871094 657.130737304688 661.657409667969 666.184143066406 670.7109375 675.237609863281 679.764343261719 684.291137695313 702.7333984375 728.133361816406 753.533325195313 782.781860351563
890.3369140625 854.815063476563 877.61376953125 877.329772949219 870.154846191406 835.024963378906 821.634765625 807.720031738281 791.63330078125 766.762512207031 748.145446777344 735.330017089844 719.666687011719 706.966613769531 690.282348632813 676.656005859375 668.215393066406 659.524169921875 650.42138671875 639.535766601563 632.460021972656 612.53076171875 609.600036621094 609.600036621094 609.600036621094 609.600036621094 612.321411132813 638.90771484375 649.431823730469 656.253112792969 660.400024414063 663.819213867188 655.092529296875 644.236389160156 648.854553222656 653.472778320313 658.090881347656 662.709106445313 667.327331542969 671.945434570313 676.563659667969 681.181823730469 685.799987792969 709.863159179688 733.926330566406 757.766662597656 787.399963378906
865.632019042969 898.35791015625 838.200012207031 889.6865234375 884.903259277344 845.127319335938 830.580017089844 817.033386230469 795.337524414063 771.525024414063 758.190002441406 745.066650390625 732.36669921875 717.176452636719 701.0400390625 685.799987792969 675.289672851563 666.75 655.8642578125 647.700012207031 630.115356445313 609.600036621094 609.600036621094 609.600036621094 609.600036621094 612.227600097656 620.485717773438 628.650024414063 650.630798339844 659.82275390625 665.583740234375 669.364685058594 672.611511230469 661.916442871094 648.069946289063 656.207763671875 660.646667480469 665.08544921875 669.524291992188 673.963134765625 678.401977539063 682.840759277344 689.609985351563 714.828552246094 732.36669921875 757.237487792969 791.307678222656
838.200012207031 883.919982910156 906.378967285156 902.043273925781 886.69091796875 868.679992675781 845.127319335938 823.912536621094 800.100036621094 784.411743164063 769.619995117188 757.766662597656 744.070617675781 731.52001953125 716.280029296875 696.685729980469 683.07861328125 672.19287109375 662.940002441406 647.700012207031 624.1142578125 609.600036621094 609.600036621094 609.600036621094 609.600036621094 617.220031738281 627.993103027344 636.814270019531 644.978637695313 662.353820800781 670.213623046875 674.914245605469 678.329406738281 681.403869628906 668.740295410156 652.508728027344 660.400024414063 664.754272460938 669.108581542969 673.462890625 677.817138671875 682.171447753906 689.609985351563 706.966613769531 728.662536621094 756.919982910156 782.781860351563
838.200012207031 863.599975585938 889.000061035156 914.400024414063 914.400024414063 886.69091796875 855.78466796875 828.674987792969 811.305847167969 792.47998046875 790.575012207031 776.287536621094 762 746.760009765625 729.342895507813 709.612487792969 688.848022460938 674.914245605469 665.28466796875 645.8857421875 626.918151855469 609.600036621094 609.600036621094 609.600036621094 609.600036621094 619.760009765625 632.460021972656 643.758605957031 653.142883300781 661.30712890625 674.076965332031 680.604553222656 681.134704589844 686.68603515625 688.339965820313 675.564208984375 656.947570800781 661.358459472656 685.799987792969 685.799987792969 685.799987792969 685.799987792969 685.799987792969 700.087524414063 726.440002441406 747.712524414063 777.239990234375
833.119995117188 859.971435546875 892.628601074219 914.400024414063 914.400024414063 890.953857421875 866.775024414063 838.200012207031 815.340026855469 812.800048828125 800.100036621094 787.399963378906 774.700012207031 762 738.1875 722.243469238281 702.365234375 682.869201660156 667.657104492188 647.700012207031 627.184631347656 615.244445800781 609.600036621094 609.600036621094 609.600036621094 620.485717773438 635 647.700012207031 659.524169921875 669.471374511719 677.6357421875 685.799987792969 693.682739257813 697.005859375 703.579956054688 697.992004394531 682.388061523438 661.386413574219 665.671691894531 685.799987792969 685.799987792969 685.799987792969 685.799987792969 695.9599609375 726.440002441406 756.55712890625 781.049987792969
831.850036621094 863.599975585938 894.347351074219 899.885681152344 910.389465332031 889.000061035156 859.971435546875 838.200012207031 819.150024414063 800.100036621094 801.129760742188 788.773010253906 776.416259765625 764.059509277344 740.228637695313 727.075012207031 708.025024414063 688.975036621094 668.481872558594 644.769226074219 641.131042480469 625.365539550781 609.600036621094 609.600036621094 609.600036621094 620.805847167969 636.814270019531 650.239990234375 662.940002441406 675.289672851563 685.799987792969 696.685729980469 708.660034179688 709.448303222656 718.820007324219 716.280029296875 701.674987792969 685.799987792969 665.825256347656 669.984924316406 685.799987792969 685.799987792969 685.799987792969 691.242858886719 723.900024414063 756.55712890625 782.781860351563
