data/dem.asc
ncols         402
nrows         455
xllcorner     278740
yllcorner     3085020
cellsize      60.0124378109453
[rows 399 to 419 of 455, columns 235 to 281 of 402]
732.1826171875 723.900024414063 706.966613769531 690.282348632813 685.799987792969 694.592346191406 703.217163085938 696.685729980469 690.880004882813 681.681091308594 683.172424316406 685.799987792969 689.263610839844 685.799987792969 685.799987792969 704.850036621094 726.830810546875 740.228637695313 757.237487792969 790.575012207031 821.266662597656 863.599975585938 914.400024414063 914.400024414063 914.400024414063 914.400024414063 891.5400390625 872.066650390625 849.085754394531 828.674987792969 814.387512207031 792.47998046875 767.861511230469 734.290893554688 701.0400390625 668.866638183594 638.174987792969 626.533386230469 627.184631347656 623.047058105469 624.1142578125 609.600036621094 609.600036621094 609.600036621094 609.600036621094 642.257141113281 665.47998046875
746.760009765625 732.36669921875 717.176452636719 709.863159179688 712.176940917969 703.579956054688 709.748596191406 706.120056152344 699.9111328125 699.407165527344 695.9599609375 699.407165527344 704.088012695313 710.045471191406 712.694152832031 720.96923828125 742.950012207031 762 781.049987792969 816.428588867188 849.085754394531 889.000061035156 914.400024414063 914.400024414063 914.400024414063 893.6181640625 872.83642578125 845.820007324219 829.235290527344 814.387512207031 800.100036621094 785.8125 762 727.363586425781 692.727294921875 651.933349609375 618.066711425781 609.600036621094 609.600036621094 609.600036621094 615.042846679688 609.600036621094 609.600036621094 609.600036621094 609.600036621094 628.650024414063 665.018188476563
757.766662597656 744.070617675781 733.926330566406 729.761535644531 718.457153320313 718.820007324219 721.360046386719 716.844421386719 715.735717773438 716.280029296875 710.452941894531 711.200012207031 715.735717773438 722.376037597656 730.827270507813 739.588256835938 756.138488769531 782.781860351563 807.720031738281 838.200012207031 876.299987792969 914.400024414063 914.400024414063 914.400024414063 901.700012207031 879.763610839844 852.054565429688 833.966674804688 817.033386230469 802.341186523438 785.8125 771.525024414063 753.533325195313 716.280029296875 685.799987792969 647.700012207031 609.600036621094 609.600036621094 609.600036621094 609.600036621094 609.600036621094 609.600036621094 609.600036621094 609.600036621094 609.600036621094 609.600036621094 685.799987792969
773.723022460938 757.989440917969 747.34619140625 738.1875 734.785766601563 734.059997558594 733.77783203125 732.064270019531 731.52001953125 722.745483398438 723.900024414063 724.988586425781 726.440002441406 732.064270019531 740.664001464844 751.609130859375 768.349975585938 793.750061035156 824.345458984375 855.133361816406 889.000061035156 914.400024414063 914.400024414063 909.320007324219 889.000061035156 863.599975585938 838.200012207031 822.960021972656 808.566711425781 791.63330078125 775.447082519531 756.138488769531 731.52001953125 702.7333984375 668.215393066406 644.236389160156 609.600036621094 609.600036621094 609.600036621094 609.600036621094 609.600036621094 609.600036621094 609.600036621094 609.600036621094 609.600036621094 609.600036621094 698.500061035156
796.636413574219 771.525024414063 755.468627929688 752.475036621094 751.1142578125 750.711120605469 748.392883300781 746.760009765625 738.051391601563 736.600036621094 737.347106933594 738.051391601563 739.346008300781 741.679992675781 748.392883300781 758.952026367188 782.781860351563 806.450012207031 831.850036621094 868.679992675781 905.933349609375 914.400024414063 914.400024414063 901.700012207031 878.839965820313 850.900024414063 829.733337402344 814.136901855469 800.100036621094 783.166625976563 766.233337402344 745.67138671875 720.96923828125 685.799987792969 666.75 642.257141113281 609.600036621094 609.600036621094 609.600036621094 609.600036621094 609.600036621094 609.600036621094 609.600036621094 609.600036621094 609.600036621094 685.799987792969 729.342895507813
828.674987792969 794.657165527344 762 772.8857421875 781.049987792969 772.8857421875 762 755.468627929688 753.035278320313 750.454528808594 750.794128417969 751.1142578125 751.702758789063 749.299987792969 756.919982910156 770.466674804688 800.100036621094 824.345458984375 846.666687011719 880.533325195313 914.400024414063 914.400024414063 910.771423339844 893.2333984375 876.299987792969 848.359985351563 820.270629882813 804.333374023438 790.073669433594 777.239990234375 756.138488769531 734.785766601563 713.014282226563 685.799987792969 657.225036621094 638.174987792969 609.600036621094 609.600036621094 609.600036621094 609.600036621094 614.679992675781 620.485717773438 609.600036621094 609.600036621094 680.357116699219 698.500061035156 751.1142578125
849.923034667969 838.200012207031 838.200012207031 838.200012207031 838.200012207031 827.314270019531 807.720031738281 792.47998046875 774.700012207031 772.8857421875 770.466674804688 770.466674804688 770.466674804688 762 768.927307128906 795.866638183594 821.266662597656 845.820007324219 872.066650390625 897.466674804688 914.400024414063 924.232238769531 904.240051269531 885.825012207031 867.833312988281 850.900024414063 819.150024414063 793.37646484375 778.933349609375 766.010559082031 749.299987792969 720.96923828125 702.128601074219 680.719970703125 655.320007324219 628.650024414063 609.600036621094 609.600036621094 609.600036621094 609.600036621094 627.529418945313 645.160034179688 627.184631347656 640.080017089844 685.799987792969 729.342895507813 762
876.299987792969 870.857116699219 866.775024414063 866.775024414063 865.094116210938 859.971435546875 854.528625488281 844.0615234375 838.200012207031 821.266662597656 821.266662597656 821.266662597656 812.800048828125 807.720031738281 812.800048828125 827.314270019531 845.820007324219 868.679992675781 891.5400390625 914.400024414063 938.980712890625 908.755554199219 897.834777832031 873.760009765625 857.25 842.433349609375 822.960021972656 790.575012207031 766.482360839844 751.1142578125 732.692321777344 711.200012207031 685.799987792969 673.099975585938 650.239990234375 624.840026855469 609.600036621094 609.600036621094 609.600036621094 609.600036621094 627.742919921875 654.423522949219 662.353820800781 685.799987792969 708.660034179688 742.950012207031 762
903.514282226563 895.350036621094 889.000061035156 895.350036621094 892.628601074219 887.185729980469 879.230834960938 870.857116699219 863.599975585938 868.679992675781 868.679992675781 865.909118652344 855.133361816406 855.133361816406 853.440002441406 861.059997558594 876.299987792969 891.5400390625 914.400024414063 953.729064941406 931.718200683594 917.863586425781 894.347351074219 870.284240722656 843.280029296875 828.674987792969 808.892333984375 792.47998046875 762 738.1875 718.457153320313 697.523071289063 673.099975585938 665.018188476563 647.700012207031 619.760009765625 609.600036621094 609.600036621094 609.600036621094 613.410034179688 636.27001953125 659.130004882813 681.317687988281 706.966613769531 716.280029296875 754.380004882813 762
927.100036621094 910.389465332031 914.400024414063 920.261535644531 920.261535644531 914.400024414063 903.514282226563 901.700012207031 907.472717285156 914.400024414063 895.350036621094 901.700012207031 905.933349609375 899.160034179688 899.160034179688 899.160034179688 906.780029296875 927.100036621094 968.477478027344 952.5 938.645446777344 918.117065429688 900.952941894531 874.058837890625 845.127319335938 819.150024414063 800.100036621094 773.723022460938 762 733.424987792969 709.612487792969 685.799987792969 674.076965332031 661.416015625 644.236389160156 622.299987792969 609.600036621094 609.600036621094 609.600036621094 609.600036621094 631.371398925781 660.400024414063 677.778991699219 695.325012207031 723.900024414063 756.138488769531 762
952.5 952.5 944.880004882813 952.5 952.5 944.880004882813 937.260009765625 937.260009765625 946.150024414063 937.260009765625 922.86669921875 931.333374023438 942.109130859375 942.109130859375 937.260009765625 947.05712890625 957.94287109375 965.200012207031 973.281860351563 959.427307128906 929.268310546875 921.17333984375 914.400024414063 886.69091796875 852.487487792969 838.200012207031 805.542907714844 770.466674804688 744.070617675781 731.52001953125 704.850036621094 682.752014160156 668.215393066406 656.492309570313 643.127990722656 623.45458984375 609.600036621094 609.600036621094 609.600036621094 609.600036621094 635 653.715759277344 672.5478515625 691.242858886719 720.96923828125 744.415344238281 762
990.600036621094 984.250061035156 984.738464355469 990.600036621094 990.600036621094 990.600036621094 982.980041503906 983.672729492188 982.980041503906 971.549987792969 973.666625976563 976.745483398438 982.13330078125 982.980041503906 983.672729492188 990.600036621094 990.600036621094 990.600036621094 980.209106445313 969.579284667969 953.813781738281 938.048278808594 922.282775878906 881.0625 878.305236816406 854.242126464844 821.266662597656 778.933349609375 742.950012207031 717.176452636719 701.0400390625 679.450012207031 664.463989257813 650.630798339844 638.90771484375 624.840026855469 609.600036621094 609.600036621094 609.600036621094 609.600036621094 629.652648925781 652.669616699219 666.75 685.799987792969 709.246154785156 732.692321777344 754.380004882813
990.600036621094 990.600036621094 990.600036621094 990.600036621094 990.600036621094 990.600036621094 990.600036621094 990.600036621094 990.600036621094 990.600036621094 990.600036621094 990.600036621094 990.600036621094 990.600036621094 990.600036621094 990.600036621094 990.600036621094 990.600036621094 969.818176269531 960.664306640625 944.335754394531 928.007141113281 909.637512207031 898.35791015625 870.857116699219 854.075012207031 829.733337402344 784.859985351563 745.67138671875 714.375 694.764770507813 675.860900878906 660.400024414063 646.176025390625 633.046142578125 621.323059082031 609.600036621094 609.600036621094 609.600036621094 609.600036621094 631.371398925781 647.700012207031 662.353820800781 674.511108398438 697.523071289063 717.884216308594 741.947326660156
990.600036621094 990.600036621094 990.600036621094 990.600036621094 990.600036621094 990.600036621094 990.600036621094 990.600036621094 990.600036621094 990.600036621094 990.600036621094 990.600036621094 990.600036621094 990.600036621094 990.600036621094 990.600036621094 990.600036621094 971.549987792969 942.975036621094 928.254577636719 932.793090820313 917.027587890625 884.766723632813 891.5400390625 874.294799804688 849.085754394531 822.960021972656 778.933349609375 742.950012207031 713.014282226563 685.799987792969 669.925048828125 655.982604980469 641.350036621094 627.888000488281 615.461547851563 609.600036621094 609.600036621094 609.600036621094 612.9130859375 632.01171875 653.142883300781 666.75 679.9384765625 692.149963378906 717.884216308594 741.947326660156
990.600036621094 990.600036621094 990.600036621094 990.600036621094 990.600036621094 990.600036621094 990.600036621094 990.600036621094 990.600036621094 990.600036621094 990.600036621094 990.600036621094 990.600036621094 990.600036621094 990.600036621094 990.600036621094 969.818176269531 942.975036621094 914.400024414063 885.825012207031 870.857116699219 859.971435546875 887.185729980469 878.305236816406 868.679992675781 850.231567382813 817.418151855469 782.781860351563 746.760009765625 715.107666015625 685.799987792969 665.921752929688 650.875061035156 636.104370117188 622.299987792969 609.600036621094 609.600036621094 609.600036621094 609.600036621094 619.760009765625 640.080017089844 658.905883789063 674.914245605469 685.799987792969 709.246154785156 730.25 753.97900390625
990.600036621094 990.600036621094 990.600036621094 990.600036621094 990.600036621094 990.600036621094 990.600036621094 990.600036621094 990.600036621094 990.600036621094 990.600036621094 990.600036621094 990.600036621094 990.600036621094 990.600036621094 980.440063476563 957.94287109375 928.254577636719 889.000061035156 857.25 836.246215820313 832.338500976563 833.717651367188 854.528625488281 854.242126464844 845.820007324219 814.753845214844 779.584655761719 750.276977539063 727.363586425781 685.799987792969 664.028625488281 646.04345703125 631.825012207031 616.22607421875 609.600036621094 609.600036621094 609.600036621094 609.600036621094 628.650024414063 650.239990234375 670.559997558594 685.799987792969 701.0400390625 723.900024414063 744.415344238281 762
990.600036621094 990.600036621094 983.973937988281 976.745483398438 974.725036621094 975.359985351563 974.034790039063 977.347839355469 980.660888671875 983.973937988281 987.286926269531 990.600036621094 990.600036621094 990.600036621094 990.600036621094 976.3125 949.960021972656 925.285766601563 880.533325195313 838.200012207031 827.314270019531 824.523071289063 820.615356445313 820.270629882813 831.850036621094 830.580017089844 820.270629882813 800.100036621094 774.700012207031 736.600036621094 692.727294921875 665.747375488281 642.257141113281 626.165222167969 612.913024902344 609.600036621094 609.600036621094 609.600036621094 618.564697265625 636.494140625 657.225036621094 680.719970703125 703.1181640625 709.863159179688 731.52001953125 762 762
990.600036621094 970.279968261719 966.536865234375 955.963623046875 955.675048828125 954.156555175781 957.469604492188 960.782592773438 964.095642089844 969.818176269531 975.359985351563 979.169982910156 985.837524414063 990.600036621094 990.600036621094 971.549987792969 947.737487792969 919.480041503906 880.533325195313 835.660034179688 821.871398925781 810.985717773438 812.800048828125 808.892333984375 814.753845214844 812.800048828125 807.720031738281 793.37646484375 774.700012207031 741.218200683594 699.654541015625 670.559997558594 641.684204101563 624.840026855469 609.600036621094 609.600036621094 609.600036621094 612.648010253906 628.650024414063 645.458801269531 663.388305664063 685.799987792969 704.850036621094 723.900024414063 733.926330566406 762 762
982.13330078125 960.119995117188 939.799987792969 942.473693847656 934.278259277344 937.59130859375 940.904357910156 944.217407226563 949.036437988281 952.5 956.309997558594 957.262512207031 966.787536621094 966.536865234375 969.433349609375 962.025024414063 942.975036621094 919.162536621094 879.763610839844 838.200012207031 820.420043945313 805.542907714844 794.657165527344 801.076904296875 797.169189453125 801.329040527344 793.750061035156 784.859985351563 766.482360839844 741.218200683594 706.581848144531 673.099975585938 647.700012207031 622.299987792969 609.600036621094 609.600036621094 609.600036621094 625.928588867188 642.257141113281 657.225036621094 672.352966308594 688.848022460938 706.315368652344 723.900024414063 741.484619140625 757.989440917969 762
981.63525390625 954.7412109375 929.640014648438 914.400024414063 918.410583496094 924.339111328125 924.339111328125 928.254577636719 929.640014648438 933.450012207031 928.6875 938.212524414063 942.473693847656 954.156555175781 947.928039550781 944.033325195313 933.450012207031 914.400024414063 879.230834960938 844.549987792969 822.434509277344 805.180053710938 789.214294433594 778.32861328125 779.584655761719 786.580688476563 779.929382324219 774.700012207031 762 730.25 699.654541015625 672.5478515625 638.174987792969 612.05810546875 613.410034179688 615.042846679688 631.371398925781 644.769226074219 658.585754394531 674.914245605469 685.799987792969 694.944030761719 707.135986328125 720.96923828125 733.77783203125 742.950012207031 762
986.11767578125 959.223571777344 932.329406738281 905.607666015625 896.111999511719 896.257141113281 902.368469238281 907.142883300781 909.637512207031 902.368469238281 910.166687011719 918.410583496094 927.652160644531 934.278259277344 937.84619140625 929.640014648438 918.633361816406 898.35791015625 874.294799804688 867.833312988281 829.056030273438 810.768005371094 792.47998046875 774.192016601563 762 771.832275390625 773.723022460938 766.482360839844 748.145446777344 720.436401367188 692.149963378906 657.225036621094 626.806457519531 623.276916503906 628.996398925781 636.27001953125 647.700012207031 664.028625488281 679.9384765625 688.975036621094 698.500061035156 704.850036621094 713.231994628906 725.424011230469 738.553833007813 750.711120605469 759.278625488281
